1
5
2
2 3
5 9
3
3 -2 4
-1 5 2
-3 6 4
4
2 4 5 6
0 3 6 9
0 0 9 8
0 0 0 5
4
2 4 5 6
0 0 0 0
0 0 9 8
0 0 0 5
4
2 0 0 0
0 3 0 0
0 0 9 0
0 0 0 5
4
2 4 0 6
1 3 0 0
4 0 0 8
2 5 0 5
6
6 4 6 4 6 4
1 2 3 4 5 6
6 5 4 3 2 1
3 2 3 2 3 2
4 6 4 6 4 6
1 1 1 1 1 1
5
-1 -1 -1 -1 -1
1 1 1 1 1
-1 -1 -1 -1 -1
1 1 1 1 1
-1 -1 -1 -1 -1
4
7 38 -4 6
-2 3 5 -7
9 -6 2 0
3 7 -5 4
3
-9 $3 12
1 0 1
-10 0 0
5
1 0 0 0 0
0 -1 0 0 0
0 0 1 0 0
0 0 0 -1 0
0 0 0 0 1
8
1 10 0 0 0 0 0 0
-1 1 0 0 0 1 0 0
-10 0 1 0 0 0 0 0
1 1 1 1 3 1 1 1
1 0 0 0 1 0 0 -2
1 1 1 0 0 1 0 0
1 0 0 0 0 7 1 0
-1 0 1 0 -1 0 1 1
1
9
2
-100 1
100 2
2
1000 27
13 1




